cat AB_NYC_2019.csv | python standard.py 
MEAN: 152.7206871868289
VAR: 57672.84569843345

Map-Reduce
MEAN: 152.7206871868289
VAR: 57672.84569843345